M1,M2,M3,M4,M5,M6,M7,M8,M1M1,M1M2,M1M3,M1M4,M1M5,M1M6,M1M7,M1M8,M2M1,M2M2,M2M3,M2M4,M2M5,M2M6,M2M7,M2M8,M3M1,M3M2,M3M3,M3M4,M3M5,M3M6,M3M7,M3M8,M4M1,M4M2,M4M3,M4M4,M4M5,M4M6,M4M7,M4M8,M5M1,M5M2,M5M3,M5M4,M5M5,M5M6,M5M7,M5M8,M6M1,M6M2,M6M3,M6M4,M6M5,M6M6,M6M7,M6M8,M7M1,M7M2,M7M3,M7M4,M7M5,M7M6,M7M7,M7M8,M8M1,M8M2,M8M3,M8M4,M8M5,M8M6,M8M7,M8M8
,,,,,,,,13090.746209030662,-12990.093861661177,-6991.258273552327,-474914.5620610155,1398.4805228607036,-1519.5999981701002,-10123.61200954106,-163538.8651534855,-12990.093861661177,12890.215411735673,6937.503770557384,471263.0310704891,-1387.7278625364715,1507.9160724078718,10045.77341299755,162281.4448047139,-6991.258273552327,6937.503770557384,3733.75905903634,253633.39172743855,-746.8740413825234,811.5592411659387,5406.627329701971,87339.74563366969,-474914.5620610155,471263.0310704891,253633.39172743855,17229257.802127015,-50734.98137234381,55129.03207465908,367270.9475239945,5932968.776886409,1398.4805228607036,-1387.7278625364715,-746.8740413825234,-50734.98137234381,149.39925819290366,-162.33841570574657,-1081.5024590863427,-17470.808309622527,-1519.5999981701002,1507.9160724078718,811.5592411659387,55129.03207465908,-162.33841570574657,176.39820660838842,1175.1691267653516,18983.91850393826,-10123.61200954106,10045.77341299755,5406.627329701971,367270.9475239945,-1081.5024590863427,1175.1691267653516,7829.005198269208,126471.32507636746,-163538.8651534855,162281.4448047139,87339.74563366969,5932968.776886409,-17470.808309622527,18983.91850393826,126471.32507636746,2043043.229822902
,,,,,,,,3596.2593029785426,-3513.4944335728273,-9018.956690780486,-6187.9958395318945,3203.8362159434537,-3961.642725010484,-756102.8859792033,-19855.795535289682,-3513.4944335728273,3432.634327709072,8811.393022590593,6045.584343476038,-3130.1026323305473,3870.468864856399,738701.8168840123,19398.83117705674,-9018.956690780486,8811.393022590593,22618.38564388398,15518.699230960592,-8034.809962678725,9935.291410055568,1896208.9793615914,49795.78637320487,-6187.9958395318945,6045.584343476038,15518.699230960592,10647.533807795757,-5512.762986356323,6816.702199358327,1301007.8302257743,34165.384031458874,3203.8362159434537,-3130.1026323305473,-8034.809962678725,-5512.762986356323,2854.2342567148617,-3529.3490729395357,-673597.0921432717,-17689.135146523382,-3961.642725010484,3870.468864856399,9935.291410055568,6816.702199358327,-3529.3490729395357,4364.149455972123,832923.6701919808,21873.163558179986,-756102.8859792033,738701.8168840123,1896208.9793615914,1301007.8302257743,-673597.0921432717,832923.6701919808,158968396.3313174,4174622.306909632,-19855.795535289682,19398.83117705674,49795.78637320487,34165.384031458874,-17689.135146523382,21873.163558179986,4174622.306909632,109628.52873614992
,,,,,,,,1659.2409984508322,-1629.9333133100117,-1664.9378695969529,-3539.6897641086184,2785.4521711097123,-3771.552159981348,-1884850.4823586086,-61507.48557301656,-1629.9333133100117,1601.1432988445877,1635.5295588652784,3477.1671328576194,-2736.2518709231103,3704.934071771065,1851557.7873697155,60421.05989846983,-1664.9378695969529,1635.5295588652784,1670.65430049412,3551.8430055619074,-2795.0157981640764,3784.5014824103064,1891321.9656077123,61718.666601064026,-3539.6897641086184,3477.1671328576194,3551.8430055619074,7551.286183160574,-5942.257060726398,8045.922556127898,4020986.683374592,131215.06598627887,2785.4521711097123,-2736.2518709231103,-2795.0157981640764,-5942.257060726398,4676.080090103754,-6331.496245742554,-3164194.275096169,-103255.74126291403,-3771.552159981348,3704.934071771065,3784.5014824103064,8045.922556127898,-6331.496245742554,8572.959388504094,4284375.756516812,139810.12419806496,-1884850.4823586086,1851557.7873697155,1891321.9656077123,4020986.683374592,-3164194.275096169,4284375.756516812,2141136425.7298722,69870750.51737928,-61507.48557301656,60421.05989846983,61718.666601064026,131215.06598627887,-103255.74126291403,139810.12419806496,69870750.51737928,2280061.055052905
,,,,,,,,5411.9050229035165,-6147.227290909409,-580323.4035569524,-55553.70575796033,1149.7098892031267,-623.2537653148613,-297467.1503262358,-94446.1406146345,-6147.227290909409,6982.4587102283895,659172.6663349338,63101.85686948135,-1305.9224021167554,707.936029751324,337884.38209756964,107278.65523328482,-580323.4035569524,659172.6663349338,62228596.268905625,5957073.427789858,-123284.41707343319,66832.05725830687,31897667.89940695,10127543.913344162,-55553.70575796033,63101.85686948135,5957073.427789858,570263.9293152754,-11801.878381365372,6397.757563059869,3053527.8191221263,969498.3713637674,1149.7098892031267,-1305.9224021167554,-123284.41707343319,-11801.878381365372,244.24538563359627,-132.40458109169512,-63194.184486937105,-20064.22163769932,-623.2537653148613,707.936029751324,66832.05725830687,6397.757563059869,-132.40458109169512,71.77606671499738,34257.349438634745,10876.745343536533,-297467.1503262358,337884.38209756964,31897667.89940695,3053527.8191221263,-63194.184486937105,34257.349438634745,16350380.346427025,5191263.370116086,-94446.1406146345,107278.65523328482,10127543.913344162,969498.3713637674,-20064.22163769932,10876.745343536533,5191263.370116086,1648231.7112456723
,,,,,,,,14140.684920653703,-14076.54555118113,-2731.5168386689993,-564821.2869670637,5852.924517551178,-6091.987513677029,-37947.15540458005,-1033.6425287702984,-14076.54555118113,14012.697105291074,2719.12721477744,562259.3685441561,-5826.376801494087,6064.355454823124,37775.034560746484,1028.954129274279,-2731.5168386689993,2719.12721477744,527.6395225407061,109104.95954377769,-1130.5931759923972,1176.7723110968543,7330.146633548496,199.66585694704477,-564821.2869670637,562259.3685441561,109104.95954377769,22560653.037758384,-233783.32641411485,243332.2181329867,1515722.984609379,41286.776888098626,5852.924517551178,-5826.376801494087,-1130.5931759923972,-233783.32641411485,2422.564790911701,-2521.514571570526,-15706.582636205418,-427.8315889909244,-6091.987513677029,6064.355454823124,1176.7723110968543,243332.2181329867,-2521.514571570526,2624.5059609942277,16348.118793497355,445.30639174888773,-37947.15540458005,37775.034560746484,7330.146633548496,1515722.984609379,-15706.582636205418,16348.118793497355,101832.87523761475,2773.8255885144463,-1033.6425287702984,1028.954129274279,199.66585694704477,41286.776888098626,-427.8315889909244,445.30639174888773,2773.8255885144463,75.55623247938586
,,,,,,,,4943.553795757021,-5069.8205366147085,-17903.916416511474,-29457.453352679848,2494.6579275378804,-2952.618072505424,-235518.73958742298,-20788.036999640102,-5069.8205366147085,5199.312343994479,18361.212780200614,30209.846627332307,-2558.3757182364166,3028.0329413256536,241534.2872859507,21318.998690200933,-17903.916416511474,18361.212780200614,64842.06226794833,106685.15089738247,-9034.825728155425,10693.405870366014,852970.960225919,75287.39289220382,-29457.453352679848,30209.846627332307,106685.15089738247,175529.91104700405,-14865.069253299573,17593.944100246008,1403399.7750834755,123870.93485991046,2494.6579275378804,-2558.3757182364166,-9034.825728155425,-14865.069253299573,1258.8753824766657,-1489.9751041223026,-118849.45831878477,-10490.235049856805,-2952.618072505424,3028.0329413256536,10693.405870366014,17593.944100246008,-1489.9751041223026,1763.4992643486826,140667.40560533042,12415.993892840732,-235518.73958742298,241534.2872859507,852970.960225919,1403399.7750834755,-118849.45831878477,140667.40560533042,11220486.10949812,990375.0368518477,-20788.036999640102,21318.998690200933,75287.39289220382,123870.93485991046,-10490.235049856805,12415.993892840732,990375.0368518477,87415.3493928411
,,,,,,,,13504.886794301518,-13677.380122148606,-20215.703547032215,-509959.7336341557,11862.66019042754,-11429.601221467814,-127420.21499230177,-318416.9652233101,-13677.380122148606,13852.076648630751,20473.911855825238,516473.27594386897,-12014.177916161416,11575.587632215666,129047.71008010124,322483.99686977424,-20215.703547032215,20473.911855825238,30261.243661363682,763367.7314808476,-17757.425540957087,17109.1719222324,190737.5701416762,476643.9786830536,-509959.7336341557,516473.27594386897,763367.7314808476,19256653.823855285,-447947.407708412,431594.6133590532,4811530.810054586,12023783.186275413,11862.66019042754,-12014.177916161416,-17757.425540957087,-447947.407708412,10420.13227781615,-10039.734317475319,-111925.61143738743,-279696.69904268713,-11429.601221467814,11575.587632215666,17109.1719222324,431594.6133590532,-10039.734317475319,9673.223187394746,107839.64849895862,269486.07493608026,-127420.21499230177,129047.71008010124,190737.5701416762,4811530.810054586,-111925.61143738743,107839.64849895862,1202224.9009547613,3004301.982232862,-318416.9652233101,322483.99686977424,476643.9786830536,12023783.186275413,-279696.69904268713,269486.07493608026,3004301.982232862,7507605.601314974
,,,,,,,,51.62460635676052,-30.428161143057242,-4937.276183790679,-13296.092543625937,555.0665090694858,-483.06067313438,-56976.62876390861,-6779.831099954416,-30.428161143057242,17.934722526491683,2910.089701991263,7836.876153487037,-327.16284684791145,284.7217449452135,33582.70723529352,3996.1136324501617,-4937.276183790679,2910.089701991263,472191.4186922297,1271612.234666936,-53085.47316970911,46198.9761299156,5449133.118511226,648409.7600396465,-13296.092543625937,7836.876153487037,1271612.234666936,3424453.7518979865,-142959.26290368295,124413.91552305469,14674524.07546621,1746168.5056188738,555.0665090694858,-327.16284684791145,-53085.47316970911,-142959.26290368295,5968.061574385998,-5193.856581733395,-612611.3235222612,-72896.57871143478,-483.06067313438,284.7217449452135,46198.9761299156,124413.91552305469,-5193.856581733395,4520.085098885838,533140.503840705,63440.09196406194,-56976.62876390861,33582.70723529352,5449133.118511226,14674524.07546621,-612611.3235222612,533140.503840705,62883505.645852394,7482709.252920392,-6779.831099954416,3996.1136324501617,648409.7600396465,1746168.5056188738,-72896.57871143478,63440.09196406194,7482709.252920392,890391.4816561034
,,,,,,,,4523.276583378335,-4202.534298669524,-120774.59703903942,-23084.234474116227,2584.2290414194294,-3729.414698093186,-1539625.019921363,-48011.36687678745,-4202.534298669524,3904.5356183598483,112210.55734899789,21447.348033612077,-2400.9832213425457,3464.964587903455,1430451.3186493525,44606.91543098345,-120774.59703903942,112210.55734899789,3224764.8405015315,616364.9436806719,-69000.69349747949,99577.93848132712,41109047.37851461,1281936.530068802,-23084.234474116227,21447.348033612077,616364.9436806719,117808.82098038285,-13188.437193109196,19032.81432277556,7857371.599314358,245022.7462276494,2584.2290414194294,-2400.9832213425457,-69000.69349747949,-13188.437193109196,1476.4164020073595,-2130.681507676174,-879615.3885432136,-27429.7550269566,-3729.414698093186,3464.964587903455,99577.93848132712,19032.81432277556,-2130.681507676174,3074.8802851152454,1269411.6915040042,39585.087050348746,-1539625.019921363,1430451.3186493525,41109047.37851461,7857371.599314358,-879615.3885432136,1269411.6915040042,524054887.7065184,16342025.591748562,-48011.36687678745,44606.91543098345,1281936.530068802,245022.7462276494,-27429.7550269566,39585.087050348746,16342025.591748562,509606.5444788391
,,,,,,,,2182.618609707184,-1691.6725871909596,-407350.5407873471,-10821.384699574624,414.50322178271665,-621.3668230240191,-72321.75682174682,-80855.48950627488,-1691.6725871909596,1311.1572170812208,315723.3884850899,8387.28295007711,-321.2671854228479,481.60004520473217,56054.10534333041,62668.307927614434,-407350.5407873471,315723.3884850899,76025404.68671511,2019636.8205762845,-77360.33716579538,115968.0900091415,13497688.795012115,15090372.284705045,-10821.384699574624,8387.28295007711,2019636.8205762845,53652.23511582632,-2055.099687217293,3080.7257858016246,358569.9990078444,400880.0956467625,414.50322178271665,-321.2671854228479,-77360.33716579538,-2055.099687217293,78.71870976638566,-118.00437735977181,-13734.695138342086,-15355.344607670999,-621.3668230240191,481.60004520473217,115968.0900091415,3080.7257858016246,-118.00437735977181,176.89610408240802,20589.18588523963,23018.6430259138,-72321.75682174682,56054.10534333041,13497688.795012115,358569.9990078444,-13734.695138342086,20589.18588523963,2396404.248787005,2679172.175921573,-80855.48950627488,62668.307927614434,15090372.284705045,400880.0956467625,-15355.344607670999,23018.6430259138,2679172.175921573,2995305.801125008
,,,,,,,,9043.49533986664,-8277.359802420957,-487340.8183209677,-205750.12410781832,9657.057887264667,-9796.433250543685,-16128.48585129013,-253112.8695978074,-8277.359802420957,7576.128778073175,446054.8878558275,188319.64219912927,-8838.943324636643,8966.511260052923,14762.132941106016,231669.96980121228,-487340.8183209677,446054.8878558275,26262088.30503503,11087575.111618679,-520404.812131182,527915.547863499,869140.6583023451,13639884.620008316,-205750.12410781832,188319.64219912927,11087575.111618679,4681056.602502425,-219709.3915736337,222880.34453092833,366941.9666691697,5758614.603742681,9657.057887264667,-8838.943324636643,-520404.812131182,-219709.3915736337,10312.248033884205,-10461.079420495376,-17222.73475535785,-270285.49712878437,-9796.433250543685,8966.511260052923,527915.547863499,222880.34453092833,-10461.079420495376,10612.058814172302,17471.30165235779,274186.3890765331,-16128.48585129013,14762.132941106016,869140.6583023451,366941.9666691697,-17222.73475535785,17471.30165235779,28764.105700208376,451410.34330956824,-253112.8695978074,231669.96980121228,13639884.620008316,5758614.603742681,-270285.49712878437,274186.3890765331,451410.34330956824,7084221.57012815
,,,,,,,,13733.851361151821,-13849.869944578488,-9068.77606353276,-529314.2259574305,2048.2427086245984,-1676.4892987332569,-93111.53418193043,-126311.71238009566,-13849.869944578488,13966.868610819973,9145.385786809718,533785.6801088037,-2065.54551839876,1690.6516708497325,93898.10657247108,127378.74780629721,-9068.77606353276,9145.385786809718,5988.320182577486,349518.28560109984,-1352.501491374989,1107.0242150812012,61483.674915576245,83406.51166624951,-529314.2259574305,533785.6801088037,349518.28560109984,20400217.13016533,-78941.00317375608,64613.31291199342,3588597.1347139957,4868160.030983522,2048.2427086245984,-2065.54551839876,-1352.501491374989,-78941.00317375608,305.47135563887326,-250.02869857254456,-13886.492285510967,-18837.909126367627,-1676.4892987332569,1690.6516708497325,1107.0242150812012,64613.31291199342,-250.02869857254456,204.64881225650666,11366.111845814421,15418.852916152695,-93111.53418193043,93898.10657247108,61483.674915576245,3588597.1347139957,-13886.492285510967,11366.111845814421,631269.2317492571,856356.8234126478,-126311.71238009566,127378.74780629721,83406.51166624951,4868160.030983522,-18837.909126367627,15418.852916152695,856356.8234126478,1161702.4434618563
,,,,,,,,8074.6007095407385,-9114.53021224104,-950248.0851588207,-166830.73454002553,7124.55040941144,-5378.76940862314,-2677988.6384496465,-144903.81889792107,-9114.53021224104,10288.392451616315,1072630.7334393114,188316.8994968067,-8042.122736606288,6071.5022380793225,3022887.3514881018,163566.01183432702,-950248.0851588207,1072630.7334393114,111828616.15449019,19633241.536635138,-838442.7450587557,632992.9509722706,315155345.42247266,17052803.153133467,-166830.73454002553,188316.8994968067,19633241.536635138,3446918.923715734,-147201.57947440527,111131.6935216052,55330390.65504559,2993883.092674929,7124.55040941144,-8042.122736606288,-838442.7450587557,-147201.57947440527,6286.282178172469,-4745.908209065527,-2362898.8895911365,-127854.56512228992,-5378.76940862314,6071.5022380793225,632992.9509722706,111131.6935216052,-4745.908209065527,3582.983405848888,1783900.391274279,96525.42042851503,-2677988.6384496465,3022887.3514881018,315155345.42247266,55330390.65504559,-2362898.8895911365,1783900.391274279,888170623.6187739,48058200.601558805,-144903.81889792107,163566.01183432702,17052803.153133467,2993883.092674929,-127854.56512228992,96525.42042851503,48058200.601558805,2600390.7173257326
,,,,,,,,642.4891768973871,-341.2677598828382,-282636.6772266732,-22564.189548074337,620.3720687506564,-527.1730763543159,-27056.976128947947,-17200.068358381435,-341.2677598828382,181.26948767893577,150126.70900334945,11985.307609116235,-329.5199262636475,280.0158840134284,14371.718567026095,9136.07420881737,-282636.6772266732,150126.70900334945,124334376.64972985,9926186.755359326,-272907.16553802206,231908.10364101102,11902603.349392487,7566462.352502764,-22564.189548074337,11985.307609116235,9926186.755359326,792453.27122879,-21787.43775454522,18514.293543344862,950239.7237561729,604065.5883925332,620.3720687506564,-329.5199262636475,-272907.16553802206,-21787.43775454522,599.0163220250415,-509.02562055112605,-26125.56422554863,-16607.971579645753,-527.1730763543159,280.0158840134284,231908.10364101102,18514.293543344862,-509.02562055112605,432.5542941827003,22200.69980263785,14112.942717229056,-27056.976128947947,14371.718567026095,11902603.349392487,950239.7237561729,-26125.56422554863,22200.69980263785,1139443.2522236565,724341.9122425563,-17200.068358381435,9136.07420881737,7566462.352502764,604065.5883925332,-16607.971579645753,14112.942717229056,724341.9122425563,460462.7784729885
,,,,,,,,2077.958992279564,-2204.212080417215,-27609.29171705574,-1588.0442284178268,1800.2247879652978,-2229.138200680821,-318647.4893046918,-13104.878820688546,-2204.212080417215,2338.1360813705264,29286.78311776313,1684.5309678972121,-1909.6032404116727,2364.5766683152665,338007.94333746994,13901.107921902221,-27609.29171705574,29286.78311776313,366837.3591344329,21099.923783325416,-23919.11077739007,29617.969887227406,4233784.939841114,174121.0599541887,-1588.0442284178268,1684.5309678972121,21099.923783325416,1213.6353415928638,-1375.790665265629,1703.5803242938193,243520.83374611055,10015.17703315176,1800.2247879652978,-1909.6032404116727,-23919.11077739007,-1375.790665265629,1559.6117629104253,-1931.1978049497925,-276057.95446421276,-11353.317261763837,-2229.138200680821,2364.5766683152665,29617.969887227406,1703.5803242938193,-1931.1978049497925,2391.316256093856,341830.2736479404,14058.307263534136,-318647.4893046918,338007.94333746994,4233784.939841114,243520.83374611055,-276057.95446421276,341830.2736479404,48863438.98865701,2009585.7278076776,-13104.878820688546,13901.107921902221,174121.0599541887,10015.17703315176,-11353.317261763837,14058.307263534136,2009585.7278076776,82647.37155208788
,,,,,,,,1048.1643963500592,-1499.313990504039,-496382.16919619514,-22630.19254011878,1959.9327448976337,-2844.8940593616703,-1909957.0576821952,-51974.89158813537,-1499.313990504039,2144.64682252992,710034.3548246648,32370.651399104176,-2803.5245187727273,4069.3897632430676,2732038.359456421,74345.85870726008,-496382.16919619514,710034.3548246648,235073103.7554061,10717044.1025361,-928170.8773725849,1347264.502817259,904503750.237325,24613895.988162708,-22630.19254011878,32370.651399104176,10717044.1025361,488592.8354237013,-42315.552347672005,61422.14002286462,41236561.8496658,1122153.936908274,1959.9327448976337,-2803.5245187727273,-928170.8773725849,-42315.552347672005,3664.8224056248787,-5319.586356991198,-3571374.291795235,-97186.36913333021,-2844.8940593616703,4069.3897632430676,1347264.502817259,61422.14002286462,-5319.586356991198,7721.519865752369,5183943.955697275,141068.577438754,-1909957.0576821952,2732038.359456421,904503750.237325,41236561.8496658,-3571374.291795235,5183943.955697275,3480308981.008085,94708245.53543852,-51974.89158813537,74345.85870726008,24613895.988162708,1122153.936908274,-97186.36913333021,141068.577438754,94708245.53543852,2577257.312884564
,,,,,,,,9921.994631339589,-9864.961924262769,-2578.3282705794018,-245210.9132057963,7340.0669459796145,-6415.221828339014,-677997.7536387272,-73069.74621885497,-9864.961924262769,9808.25704740531,2563.5077585283907,243801.41413786367,-7297.87544078246,6378.346433727045,674100.5486190951,72649.7333497576,-2578.3282705794018,2563.5077585283907,670.0040584451959,63720.47690654086,-1907.3888686643584,1667.0587333115084,176184.4105493176,18987.89501508732,-245210.9132057963,243801.41413786367,63720.47690654086,6060111.317264693,-181401.4808202268,158544.97622645687,16755950.23969336,1805836.413320265,7340.0669459796145,-7297.87544078246,-1907.3888686643584,-181401.4808202268,5430.015311768872,-4745.835836736453,-501567.3849704712,-54055.343597754436,-6415.221828339014,6378.346433727045,1667.0587333115084,158544.97622645687,-4745.835836736453,4147.86266632367,438370.1211618923,47244.39473629331,-677997.7536387272,674100.5486190951,176184.4105493176,16755950.23969336,-501567.3849704712,438370.1211618923,46329490.290915206,4993060.935434804,-73069.74621885497,72649.7333497576,18987.89501508732,1805836.413320265,-54055.343597754436,47244.39473629331,4993060.935434804,538116.37789276
,,,,,,,,2429.5941219385545,-1691.5738396646993,-872488.0006684131,-22125.1629096332,5897.60221489241,-5899.8075943863,-7.790934128680591,-239108.7176935761,-1691.5738396646993,1177.7366553533097,607458.6137763837,15404.361756684295,-4106.130128229251,4107.665595501217,5.424338262767775,166476.38716029722,-872488.0006684131,607458.6137763837,313317893.07383615,7945334.974751395,-2117879.327557584,2118671.298170273,2797.7909889937355,85865982.78250703,-22125.1629096332,15404.361756684295,7945334.974751395,201483.3792021287,-53706.67001638729,53726.75336287684,70.94834699292986,2177449.8400015724,5897.60221489241,-4106.130128229251,-2117879.327557584,-53706.67001638729,14315.85282950545,-14321.206172629882,-18.911730958883826,-580413.0370321098,-5899.8075943863,4107.665595501217,2118671.298170273,53726.75336287684,-14321.206172629882,14326.561517610784,18.918802908149132,580630.0796476026,-7.790934128680591,5.424338262767775,2797.7909889937355,70.94834699292986,-18.911730958883826,18.918802908149132,0.024983043072646642,766.745462677345,-239108.7176935761,166476.38716029722,85865982.78250703,2177449.8400015724,-580413.0370321098,580630.0796476026,766.745462677345,23531905.333821103
,,,,,,,,404.3320922394281,-498.1249054971687,-34542.97599079023,-18842.115217011848,321.09943718711605,-180.18129798877303,-77974.8279831278,-25262.759291958682,-498.1249054971687,613.6748139438614,42555.90140199476,23212.915922298263,-395.584792486153,221.97790814948968,96062.62912530186,31122.95518074516,-34542.97599079023,42555.90140199476,2951082.0763486135,1609723.1608603816,-27432.228018256734,15393.282823392667,6661560.293146895,2158252.843225947,-18842.115217011848,23212.915922298263,1609723.1608603816,878053.740144175,-14963.424144959126,8396.555311382099,3633673.213391061,1177259.5606802665,321.09943718711605,-395.584792486153,-27432.228018256734,-14963.424144959126,255.00040818137288,-143.0905794674818,-61923.537262331105,-20062.364442835333,-180.18129798877303,221.97790814948968,15393.282823392667,8396.555311382099,-143.0905794674818,80.29365159986972,34747.68880856407,11257.767680008012,-77974.8279831278,96062.62912530186,6661560.293146895,3633673.213391061,-61923.537262331105,34747.68880856407,15037326.780873016,4871884.641309094,-25262.759291958682,31122.95518074516,2158252.843225947,1177259.5606802665,-20062.364442835333,11257.767680008012,4871884.641309094,1578422.8343307606
,,,,,,,,12492.70344424552,-12159.24188516136,-78551.2444532312,-428465.2840735499,9786.299214853234,-11101.02499843955,-1221045.5839997865,-188584.2523673796,-12159.24188516136,11834.681250675554,76454.51490543736,417028.47199534305,-9525.07836634648,10804.710824335225,1188452.8176725789,183550.46611816596,-78551.2444532312,76454.51490543736,493912.1490147509,2694091.108397171,-61533.99745292898,69800.69063718329,7677653.646816261,1185774.3821305062,-428465.2840735499,417028.47199534305,2694091.108397171,14695177.907292029,-335643.08092595445,380734.5504271063,41878496.94424718,6467919.9040466165,9786.299214853234,-9525.07836634648,-61533.99745292898,-335643.08092595445,7666.2071384358405,-8696.112311569896,-956519.7391683378,-147729.58704360167,-11101.02499843955,10804.710824335225,69800.69063718329,380734.5504271063,-8696.112311569896,9864.378560330286,1085021.9580341987,167576.09825490793,-1221045.5839997865,1188452.8176725789,7677653.646816261,41878496.94424718,-956519.7391683378,1085021.9580341987,119345850.54863791,18432356.90279343,-188584.2523673796,183550.46611816596,1185774.3821305062,6467919.9040466165,-147729.58704360167,167576.09825490793,18432356.90279343,2846783.3563555274
,,,,,,,,66.7083940196001,-88.73293369733076,-4689.355633485693,-14411.587245481312,593.8626096477274,-499.0269310460597,-86944.6777306212,-6414.784085521144,-88.73293369733076,118.02912719232175,6237.600059552219,19169.737696741162,-789.9331462201418,663.7863830552146,115650.45805390307,8532.69846034666,-4689.355633485693,6237.600059552219,329644.5159636573,1013081.7692479877,-41746.36513134842,35079.76446973599,6111892.218509906,450935.8129682235,-14411.587245481312,19169.737696741162,1013081.7692479877,3113458.9580000304,-128297.23959855478,107809.07351032924,18783405.402878486,1385840.8955588166,593.8626096477274,-789.9331462201418,-41746.36513134842,-128297.23959855478,5286.782935202839,-4442.520913761402,-774013.4352045201,-57106.76254977744,-499.0269310460597,663.7863830552146,35079.76446973599,107809.07351032924,-4442.520913761402,3733.081594440424,650408.9378310097,47987.214541248984,-86944.6777306212,115650.45805390307,6111892.218509906,18783405.402878486,-774013.4352045201,650408.9378310097,113319726.80170503,8360736.954082303,-6414.784085521144,8532.69846034666,450935.8129682235,1385840.8955588166,-57106.76254977744,47987.214541248984,8360736.954082303,616855.726608632
,,,,,,,,92.25023801956257,-114.44252078010986,-4048.6472498768426,-15775.312243794491,714.4292620457077,-815.2877096840241,-83623.92416850661,-7828.651019888794,-114.44252078010986,141.97351512229713,5022.61465089239,19570.31806129678,-886.2967448414194,1011.4183189152981,103741.00798893555,9711.95929959401,-4048.6472498768426,5022.61465089239,177685.66136880135,692341.5690075842,-31354.629853632672,35781.07129621328,3670058.5047481186,343581.18854064064,-15775.312243794491,19570.31806129678,692341.5690075842,2697667.580396259,-122171.44288001432,139418.80763566337,14300163.805862878,1338743.584165676,714.4292620457077,-886.2967448414194,-31354.629853632672,-122171.44288001432,5532.876461076849,-6313.97174998047,-647623.0274918447,-60628.7581585044,-815.2877096840241,1011.4183189152981,35781.07129621328,139418.80763566337,-6313.97174998047,7205.336959898863,739050.2081487804,69187.92945083935,-83623.92416850661,103741.00798893555,3670058.5047481186,14300163.805862878,-647623.0274918447,739050.2081487804,75804256.37337886,7096594.364234103,-7828.651019888794,9711.95929959401,343581.18854064064,1338743.584165676,-60628.7581585044,69187.92945083935,7096594.364234103,664364.4299130065
,,,,,,,,865.6529409847305,-908.6064405848117,-4951.250904231789,-12584.298005564782,727.1195780888945,-999.7374971922803,-199446.59436742758,-23864.691259435058,-908.6064405848117,953.6912829442617,5196.930833988503,13208.727974848354,-763.1990841217902,1049.344241596089,209343.08845390694,25048.85174446977,-4951.250904231789,5196.930833988503,28319.53125321679,71978.05717415566,-4158.8855048559,5718.170588477232,1140769.1049767896,136498.20682533158,-12584.298005564782,13208.727974848354,71978.05717415566,182942.31879200094,-10570.390306699812,14533.531853647406,2899424.539422872,346929.3205171763,727.1195780888945,-763.1990841217902,-4158.8855048559,-10570.390306699812,610.7561769948377,-839.7461300497339,-167528.4824686674,-20045.544141561728,-999.7374971922803,1049.344241596089,5718.170588477232,14533.531853647406,-839.7461300497339,1154.5909636202744,230339.70039955442,27561.191767954653,-199446.59436742758,209343.08845390694,1140769.1049767896,2899424.539422872,-167528.4824686674,230339.70039955442,45952531.460835025,5498429.187926015,-23864.691259435058,25048.85174446977,136498.20682533158,346929.3205171763,-20045.544141561728,27561.191767954653,5498429.187926015,657912.0360410142
,,,,,,,,4229.089719078087,-3823.942556080262,-199292.92776935492,-19741.65043550826,6590.203589541893,-6168.557431886371,-215855.23072420404,-176868.69373999003,-3823.942556080262,3457.6085265434526,180200.64795153966,17850.39860635943,-5958.861512348263,5577.609093277297,195176.28084247478,159924.65749298673,-199292.92776935492,180200.64795153966,9391541.371115556,930311.6215631549,-310558.785743194,290689.0022144146,10172028.441792898,8334814.853222827,-19741.65043550826,17850.39860635943,930311.6215631549,92155.23618703522,-30763.474933307647,28795.204784211568,1007625.4685280505,825633.9204742656,6590.203589541893,-5958.861512348263,-310558.785743194,-30763.474933307647,10269.53463665899,-9612.482125059942,-336367.8736638732,-275615.032498521,-6168.557431886371,5577.609093277297,290689.0022144146,28795.204784211568,-9612.482125059942,8997.468324879961,314846.80537484493,257980.97645364827,-215855.23072420404,195176.28084247478,10172028.441792898,1007625.4685280505,-336367.8736638732,314846.80537484493,11017378.141875038,9027482.32625736,-176868.69373999003,159924.65749298673,8334814.853222827,825633.9204742656,-275615.032498521,257980.97645364827,9027482.32625736,7396990.109755764
,,,,,,,,8720.438103731734,-8564.091072579287,-20668.06688233381,-176281.09833733735,9901.80610595316,-9760.357606248244,-16916.763244158756,-293634.51214824285,-8564.091072579287,8410.547156804692,20297.513148877428,173120.58896321073,-9724.278558678847,9585.366061492014,16613.465900783172,288369.9963438558,-20668.06688233381,20297.513148877428,48984.80828271981,417798.90954884916,-23467.99420159463,23132.751061567535,40093.94826313365,695934.9592131501,-176281.09833733735,173120.58896321073,417798.90954884916,3563470.6950927246,-200162.10597651335,197302.7660454747,341967.4068573312,5935735.532494623,9901.80610595316,-9724.278558678847,-23467.99420159463,-200162.10597651335,11243.215420327859,-11082.60472607195,-19208.497049281752,-333413.5247246165,-9760.357606248244,9585.366061492014,23132.751061567535,197302.7660454747,-11082.60472607195,10924.288375039487,18934.101342060858,328650.67213499954,-16916.763244158756,16613.465900783172,40093.94826313365,341967.4068573312,-19208.497049281752,18934.101342060858,32816.800630286816,569621.097385028,-293634.51214824285,288369.9963438558,695934.9592131501,5935735.532494623,-333413.5247246165,328650.67213499954,569621.097385028,9887258.610050792
,,,,,,,,6363.1523871156,-7262.152014589049,-799967.9614177176,-90956.26843316412,4421.340164441599,-4975.270090690165,-303712.8923578796,-10042.13277971124,-7262.152014589049,8288.164210837982,912989.1269584695,103806.76241211715,-5045.99645411568,5678.186771919883,346622.09215034044,11460.906538183435,-799967.9614177176,912989.1269584695,100571022.09128548,11434914.050459173,-555845.6348215642,625485.0473188342,38182424.14683786,1262485.007327186,-90956.26843316412,103806.76241211715,11434914.050459173,1300148.4584963643,-63199.58699175095,71117.58046414459,4341337.388029792,143544.40522316826,4421.340164441599,-5045.99645411568,-555845.6348215642,-63199.58699175095,3072.1013202963127,-3456.991148829734,-211030.30821006582,-6977.624028853272,-4975.270090690165,5678.186771919883,625485.0473188342,71117.58046414459,-3456.991148829734,3890.102101819493,237469.35128644883,7851.819322573918,-303712.8923578796,346622.09215034044,38182424.14683786,4341337.388029792,-211030.30821006582,237469.35128644883,14496198.640655499,479310.41194983816,-10042.13277971124,11460.906538183435,1262485.007327186,143544.40522316826,-6977.624028853272,7851.819322573918,479310.41194983816,15848.187286783417
,,,,,,,,9872.273740753366,-8963.04305793652,-656945.4419920619,-258713.90864576536,896.927770443791,-903.1763698247831,-31.027479744002868,-166802.9679914378,-8963.04305793652,8137.551993396556,596441.14799846,234886.50778661395,-814.3212432573024,819.9943502612573,28.169866864280106,151440.51143225023,-656945.4419920619,596441.14799846,43716100.77753085,17215985.651124813,-59685.60293833442,60101.412810505164,2064.7078808380197,11099818.786463333,-258713.90864576536,234886.50778661395,17215985.651124813,6779885.595196399,-23504.989362940523,23668.74085645357,813.1096007661679,4371257.215512158,896.927770443791,-814.3212432573024,-59685.60293833442,-23504.989362940523,81.48876809121775,-82.05647341000909,-2.81894616783131,-15154.585267056256,-903.1763698247831,819.9943502612573,60101.412810505164,23668.74085645357,-82.05647341000909,82.62813374415448,2.8385848342432616,15260.162254679313,-31.027479744002868,28.169866864280106,2064.7078808380197,813.1096007661679,-2.81894616783131,2.8385848342432616,0.09751598512614207,524.2435376593343,-166802.9679914378,151440.51143225023,11099818.786463333,4371257.215512158,-15154.585267056256,15260.162254679313,524.2435376593343,2818320.3648311105
,,,,,,,,9066.802996668108,-9900.74460590379,-576678.7246761674,-209315.36674007605,2602.113635193082,-3305.470231934002,-410217.1119270584,-59338.10141727128,-9900.74460590379,10811.39005527697,629720.1753225698,228567.6648038062,-2841.44946648273,3609.4990241679,447947.8444225345,64795.86991660827,-576678.7246761674,629720.1753225698,36678678.42902733,13313151.15053777,-165503.05252656867,210238.8635230333,26091168.081336897,3774099.940474275,-209315.36674007605,228567.6648038062,13313151.15053777,4832234.99723475,-60072.15222939621,76309.77689709657,9470233.913499704,1369873.864512137,2602.113635193082,-2841.44946648273,-165503.05252656867,-60072.15222939621,746.7897309499255,-948.6485108809687,-117729.64966010486,-17029.65012486678,-3305.470231934002,3609.4990241679,210238.8635230333,76309.77689709657,-948.6485108809687,1205.070128712071,149552.21290273123,21632.799116331218,-410217.1119270584,447947.8444225345,26091168.081336897,9470233.913499704,-117729.64966010486,149552.21290273123,18559803.161005706,2684684.4030440496,-59338.10141727128,64795.86991660827,3774099.940474275,1369873.864512137,-17029.65012486678,21632.799116331218,2684684.4030440496,388340.882789698
,,,,,,,,438.786558518443,-266.1660810251761,-112317.57079356453,-20525.827400474915,851.3809985848841,-661.7899278298075,-135487.37650963216,-5265.514538333101,-266.1660810251761,161.45522535490997,68131.36607769242,12450.880577176918,-516.4441331516193,401.4389869807059,82186.07278152421,3194.0389741685835,-112317.57079356453,68131.36607769242,28750280.663935013,5254060.379455373,-217930.6629257972,169400.4422570937,34681128.460582316,1347830.2615300221,-20525.827400474915,12450.880577176918,5254060.379455373,960169.7734238555,-39826.42378108032,30957.616112655895,6337911.796044634,246313.4763139601,851.3809985848841,-516.4441331516193,-217930.6629257972,-39826.42378108032,1651.9412244505381,-1284.0761839004185,-262887.2185554161,-10216.71912842069,-661.7899278298075,401.4389869807059,169400.4422570937,30957.616112655895,-1284.0761839004185,998.1297286219706,204345.7790159055,7941.593512062423,-135487.37650963216,82186.07278152421,34681128.460582316,6337911.796044634,-262887.2185554161,204345.7790159055,41835441.02956211,1625871.9345936684,-5265.514538333101,3194.0389741685835,1347830.2615300221,246313.4763139601,-10216.71912842069,7941.593512062423,1625871.9345936684,63187.0845064455
,,,,,,,,4929.500494499842,-5695.469450218319,-659797.4180166891,-45391.02788382631,903.0627221123634,-890.2368266041152,-184.99656731669683,-96839.82326542964,-5695.469450218319,6580.458262366283,762319.8419068744,52444.09913637122,-1043.384852311252,1028.5660088766228,213.74220343889195,111887.25015611487,-659797.4180166891,762319.8419068744,88311712.98333734,6075439.698664808,-120871.97334124932,119155.26943797633,24761.181704657014,12961691.640565678,-45391.02788382631,52444.09913637122,6075439.698664808,417962.30970037566,-8315.435863325827,8197.334530077253,1703.4554220764583,891704.7727270636,903.0627221123634,-1043.384852311252,-120871.97334124932,-8315.435863325827,165.43710280157634,-163.08745538311462,-33.89055419486472,-17740.627981381753,-890.2368266041152,1028.5660088766228,119155.26943797633,8197.334530077253,-163.08745538311462,160.77117921510148,33.40921807481848,17488.66382078871,-184.99656731669683,213.74220343889195,24761.181704657014,1703.4554220764583,-33.89055419486472,33.40921807481848,6.942636471412619,3634.2495357590547,-96839.82326542964,111887.25015611487,12961691.640565678,891704.7727270636,-17740.627981381753,17488.66382078871,3634.2495357590547,1902414.1250301583
,,,,,,,,549.1966517160996,-725.278330937913,-104460.98929529956,-19184.118722361534,1968.283932543548,-1724.1190695581095,-200859.3829656608,-32161.5278544487,-725.278330937913,957.8147566711838,137952.9385830687,25334.869693746274,-2599.3488506281938,2276.9006278533284,265258.2778415416,42473.05436003617,-104460.98929529956,137952.9385830687,19869200.31368575,3648951.6355105215,-374381.17323743016,327939.33303517953,38204839.356309,6117344.3181528365,-19184.118722361534,25334.869693746274,3648951.6355105215,670125.0089629297,-68754.59368377853,60225.61284475628,7016266.827688962,1123441.9706025936,1968.283932543548,-2599.3488506281938,-374381.17323743016,-68754.59368377853,7054.197484641227,-6179.127006326715,-719866.5449917777,-115264.75684831168,-1724.1190695581095,2276.9006278533284,327939.33303517953,60225.61284475628,-6179.127006326715,5412.608683474936,630567.3776208479,100966.20820012511,-200859.3829656608,265258.2778415416,38204839.356309,7016266.827688962,-719866.5449917777,630567.3776208479,73460920.78179961,11762534.64017269,-32161.5278544487,42473.05436003617,6117344.3181528365,1123441.9706025936,-115264.75684831168,100966.20820012511,11762534.64017269,1883412.5639702207
,,,,,,,,946.4211924949828,-967.6249715792669,-1153.915602641675,-11412.671108998984,3071.9750494935456,-2814.780920216549,-169773.3844268349,-80768.85547653573,-967.6249715792669,989.3038036854193,1179.768121281733,11668.362506101852,-3140.8000935843024,2877.843743910922,173577.01579764966,82578.41445724717,-1153.915602641675,1179.768121281733,1406.9013126277375,13914.797518190198,-3745.478195803742,3431.89654628659,206994.68561873573,98476.70707392697,-11412.671108998984,11668.362506101852,13914.797518190198,137622.72323891413,-37044.22636870166,33942.78270716902,2047257.410220543,973972.6780355886,3071.9750494935456,-3140.8000935843024,-3745.478195803742,-37044.22636870166,9971.279996206235,-9136.457240460157,-551065.0069578589,-262166.47594921984,-2814.780920216549,2877.843743910922,3431.89654628659,33942.78270716902,-9136.457240460157,8371.528122619806,504928.341667262,240217.18358159642,-169773.3844268349,173577.01579764966,206994.68561873573,2047257.410220543,-551065.0069578589,504928.341667262,30454730.1859945,14488688.608487666,-80768.85547653573,82578.41445724717,98476.70707392697,973972.6780355886,-262166.47594921984,240217.18358159642,14488688.608487666,6892922.587449455
